1,71828182845904509080 0,36787944117144233402
0,71828182845904509080 0,73575888234288466805
0,21828182845904509080 0,91969860292860583506
0,05161516179237857216 0,98101184312384615005
0,00994849512571205352 0,99634015317265622880
0,00161516179237874979 0,99940581518241822234
0,00022627290348964380 0,99991675885071196195
0,00002786020507672404 0,99998975080332541676
0,00000305861777505356 0,99999887479740212637
0,00000030288585284310 0,99999988857452171143
0,00000002731266057765 0,99999998995223371434
0,00000000226055218988 0,99999999916838933078
0,00000000017287637988 0,99999999993640231732
0,00000000001228572799 0,99999999999548028207
0,00000000000081490370 0,99999999999970023978
0,00000000000005018208 0,99999999999998157030
0,00000000000000222045 0,99999999999999922284
-0,00000000000000044409 1,00000000000000022204
-0,00000000000000044409 1,00000000000000022204
-0,00000000000000044409 1,00000000000000022204
